   -0.28997891
    0.20344668
   -0.28962213
    0.00485730
    0.03628279
    0.20313612
    0.00484413
    0.06270916
    0.20351016
   -0.28993140
   -0.01616138
    0.00407966
    0.17809794
   -0.02303301
    0.27079320
   -0.02094728
   -0.03647026
   -0.03129417
   -0.01615460
   -0.01793362
    0.01666365
    0.06694841
   -0.01831401
   -0.02118328
    0.06122864
   -0.02300269
    0.06313541
    0.06241720
   -0.03208688
    0.03640629
    0.27188803
   -0.01569323
    0.06332214
   -0.02118285
   -0.02287867
    0.06053547
   -0.03150648
   -0.01795699
    0.06642740
    0.27097284
   -0.10590400
   -0.40799746
   -0.03668752
   -0.03297680
    0.01668698
    0.05723766
    0.06199181
    0.03798575
   -0.00849774
    0.05721708
   -0.00510312
    0.00163668
   -0.03299883
    0.00167175
    0.00165498
   -0.40836335
   -0.03299557
   -0.40534376
   -0.10614389
    0.17806730
    0.01644644
   -0.10583354
   -0.03681967
   -0.00512104
   -0.00849983
   -0.00852456
    0.17812615
   -0.00514605
    0.06849123
   -0.08931781
    0.06883318
   -0.08933226
    0.05746925
    0.05751174
   -0.08929510
    0.05744588
    0.05733182
    0.06872545
