           1           2   1.3482054678129543     
           1           3   1.3488523453264520     
           3           6   1.0918247750796075     
           3           7   1.3482926248398175     
           4           7   1.3495900783441348     
           5           8   1.3491429071437935     
           2           9   1.3489997975563912     
           2          10   1.0737263544707039     
           5          11   1.3482471765818624     
           6          12   1.0917339480623118     
           9          12   1.3488682471422677     
          11          12   1.3486337795861547     
           5          13   1.0736689644783632     
           6          14   1.0917254060046093     
           8          14   1.3485071088302563     
           4          15   1.3477905152344332     
          14          15   1.3490896085964004     
           4          16   1.0736265824541225     
          10          18   1.3620694903353434     
          10          20   1.3624926929552723     
          17          20  0.96316117790160738     
          19          21  0.99130347798619145     
          19          23   1.3822258306842912     
          20          23   1.4706655722570445     
          22          23  0.96362835178235851     
          18          24   1.4713271252542937     
          19          24   1.3800999784019767     
          20          24  0.10051017544427922     
          18          25  0.96247542853051760     
          24          26  0.96439779556522387     
          16          27   1.3631218180788767     
          27          28   1.4703498793029643     
          16          30   1.3615799906528554     
          28          30  0.10057724117950891     
          27          31  0.96276613489528295     
          30          32  0.96286085907247765     
          29          33  0.96329550342927928     
          30          33   1.4715548696570238     
          28          34   1.3811222537483003     
          33          34   1.3814705653180976     
          34          35  0.99095836310717944     
          28          36  0.96448927849876798     
          38          39  0.96446085954485328     
          37          42  0.99099035591552165     
          39          42   1.3805714963968385     
          13          43   1.3622371807961882     
          39          43  0.10053572481689063     
          40          44  0.96351540457789575     
          42          44   1.3819998564020488     
          43          44   1.4709176958159091     
          43          45  0.96306517257141377     
          13          46   1.3624716870723483     
          39          46   1.4709228707927324     
          41          46  0.96255934065033388     
          21          47   1.7032667573439859     
          21          48   1.1514637808186501     
          47          48  0.16665512410968647     
          35          50   1.1518762645929197     
          35          51   1.7034756103260007     
          50          51  0.16668688848055033     
          50          53   1.1526804540125555     
          53          55   2.5903606131127122     
          54          56  0.91642876214141022     
          48          58   1.1524829559967922     
          55          59   1.1625462959332746     
          49          60  0.16413880404653114     
          57          60   1.8652640118209183     
          59          61   1.6696980214515544     
          49          63   1.1631088783750883     
          58          63   2.5903056932255426     
          59          64  0.91641586892216886     
          61          65   1.9671384538803125     
          52          66  0.94101980937284557     
          59          67  0.16427196754812368     
          65          67   1.8616586185909445     
          60          69   1.8617017215625431     
          57          70  0.94118241715878370     
          61          71  0.19643448926076473     
          67          71   1.8653322445992300     
          68          71  0.94104690875165098     
          49          72   1.6699004230158663     
          57          72  0.19640450992478636     
          69          72   1.9670067604769530     
          57          73  0.94103068890007990     
          37          74   1.7035205038508279     
          37          75   1.1516631986152110     
          74          75  0.16669018901493377     
          49          76  0.91567751879502024     
          75          77   1.1525940319724162     
          52          78  0.19642237169347310     
          56          78   1.6696100675916916     
          62          78   1.9671115958420688     
          56          79   1.1626402066758119     
          77          79   2.5902813360714259     
          52          80  0.94119166533896381     
          52          81   1.8652851382395461     
          56          81  0.16423580318379488     
          62          81   1.8616689887021880     
          71          82  0.94112203746009038     
          75          83  0.92194517286309308     
          50          84  0.92152932159051837     
          48          85  0.92230515152089465     
